2010500 19860101 19930131  57.3849   10.5149    1.00
2136600 19861101 19931231  56.2964    9.1166   52.00
2855000 19870701 19910401  54.731    10.721     8.00
501000 19860101 19990531  57.6570   10.3893   13.00
505000 19860101 20020531  57.2691   10.0649   29.00
508000 19870601 20021031  56.8335    9.4380   30.00
510000 19860501 19990430  57.0375    8.4687    5.00
511000 19860401 19990430  56.8756    8.4848   18.00
528000 19860401 20020531  55.7813    9.6465   64.00
538000 19860401 19990430  56.4702    8.1262    8.00
533000 19860401 20021231  56.0636    9.1490   58.00
543000 19860401 19990430  55.6980    8.5555   23.00
611400 19870901 20030831  54.9526    9.7687   18.00
553000 19860401 19980731  54.9035   10.0528    2.00
570000 19800101 19991231  55.33     10.98      1.00
576000 19860401 20030930  55.4026   11.6722   45.00
589000 19860401 20010531  55.1039   12.1741    0.00
598500 19860401 20020930  55.1725   14.8573  103.00
599500 19860401 20020930  55.0053   15.0705   14.00
590000 19860401 19930304  54.9288   11.0611    2.00
586000 19870901 20030110  55.6216   12.0455   46.00
585000 19770901 19990430  55.6390   12.4341    8.00
420000 19540101 19810624  76.5667  -68.8000   21.00
420000 19811102 19811231  76.5667  -68.8000   21.00
420000 19820301 19820530  76.5667  -68.8000   21.00
420000 19820701 19830901  76.5667  -68.8000   21.00
420100 19950810 20041014  77.4667  -69.2167   16.00
420200 19740101 20061128  76.5311  -68.7031   76.50
420300 19800615 20991231  76.7333  -73.1208   11.00
420400 20170501 20991231  77.4858  -69.4033   17.00
420500 19640101 19800701  77.4833  -69.2000   14.00
420500 20010830 20991231  77.4853  -69.3744   15.54
420600 20080902 20080903  80.8236  -66.4444  168.00
420600 20170501 20991231  77.4950  -69.3697   16.00
420700 19820830 20070907  81.6833  -59.9500  105.00
420800 19810910 20991231  74.0606  -57.7231   40.00
420900 19840830 19950927  72.7833  -56.1667   63.00
421000 19580101 19870201  72.7833  -56.1667   63.00
421000 19900301 19900331  72.7833  -56.1667   63.00
421000 19950908 20040817  72.7833  -56.1667  120.00
421100 20001023 20991231  72.7903  -56.1306  126.19
421200 19610101 19890815  70.6667  -52.1167   39.00
421200 19890815 19941231  70.6667  -52.1167   39.00
421200 20040115 20060701  70.6797  -52.1172   15.24
421200 20170501 20991231  70.7425  -52.7122   90.00
421300 20001024 20991231  70.7342  -52.6961   88.09
421400 19610101 19720901  70.0500  -52.8500    2.00
421400 19820918 20991231  70.6561  -54.6000   27.00
421600 19610101 19920901  69.2167  -51.0500   39.00
421700 19620101 19800701  68.8167  -51.0833   77.00
421700 19950100 20040316  68.8172  -51.1747   21.33
421700 20040317 20991231  68.8172  -51.1747   21.33
421800 19620101 19800701  69.2333  -53.5167   24.00
421800 20170501 20991231  69.2397  -53.5314   11.70
421900 20040121 20991231  69.2511  -53.5381    2.74
422000 19580101 20991231  68.7081  -52.8517   43.00
422100 19890100 19910814  69.2403  -51.0661   29.00
422100 19910814 20991231  69.2403  -51.0661   29.00
422200 20170501 20991231  69.2494  -51.0711   29.00
422400 20001101 20991231  68.7220  -52.7847   22.55
422500 20170501 20991231  68.7322  -52.7883   35.00
422800 19830818 19900617  67.7833  -53.9667   12.00
422800 19900617 20091007  67.7833  -53.9667   12.00
422800 20091007 20991231  67.7842  -53.9650   10.00
423000 19610101 20010623  66.9167  -53.6667   12.00
423100 19730501 20040701  67.0181  -50.7033   50.00
423100 20040701 20991231  67.0133  -50.7172   50.00
423300 20170501 20991231  66.9539  -53.7231   27.00
423400 20001101 20991231  66.9514  -53.7294   10.00
423500 19740124 19890919  66.6333  -52.8667 1439.00
423500 19890919 19900930  66.6333  -52.8667 1439.00
423500 19940501 19940531  66.6333  -52.8667 1439.00
423500 19940801 19940831  66.6333  -52.8667 1439.00
423800 19660914 19841102  65.8167  -53.3167    0.00
423900 20170501 20991231  65.4200  -52.9397   35.00
424000 19610101 19870201  65.4000  -52.8667   25.00
424100 20001101 20991231  65.4125  -52.9394   27.74
424200 19830616 20090928  65.0131  -52.5286   14.00
424200 20090928 20991231  65.0131  -52.5286   12.00
424600 19660301 19820227  64.8000  -52.1500    0.00
424700 19660103 19700101  64.5333  -51.0500    0.00
424800 19660126 19691231  64.4167  -50.3000    0.00
424800 20170501 20991231  64.4375  -50.2697   70.90
424900 20170501 20991231  64.1825  -51.7269   81.52
425000 19580101 19910901  64.1667  -51.7500   54.00
425000 19910901 20991231  64.1833  -51.7308   79.65
425100 19610101 19740101  64.0333  -52.0833   19.00
425200 19610101 19800101  63.7000  -51.5500   10.00
425300 19820620 20100828  62.5667  -50.4167   22.00
425300 20100828 20991231  62.5789  -50.4058   20.23
425400 19670117 19750801  63.0833  -50.6833    0.00
425400 19950601 19950630  64.1908  -51.6781   87.28
425400 20001101 20991231  64.1908  -51.6781   87.28
425500 20170501 20991231  64.1978  -51.6792   80.00
425900 20170501 20991231  62.0197  -49.6694   45.00
426000 19580101 19920922  62.0000  -49.7167   15.00
426000 19920922 20071207  62.0000  -49.6667   13.00
426000 20071207 20991231  62.0147  -49.6708   36.58
426100 19610101 19740901  61.2167  -48.1167   27.00
426100 19810101 19970920  61.2333  -48.1000   35.00
426300 19640801 19840902  61.1833  -48.4500    0.00
426300 19940801 19940831  61.1833  -48.4500    0.00
426400 19661123 19730401  61.6500  -49.3667    0.00
426500 19960101 19960131  89.9900  -179.99   999.00
426600 19810722 20100820  60.7636  -48.4547   33.00
426600 20100820 20991231  60.7636  -48.4544   30.83
427000 19610101 20991231  61.1608  -45.4256   34.14
427100 20110707 20991231  61.1575  -45.4400    3.90
427200 19610101 20030909  60.7167  -46.0500   32.00
427200 20030909 20991231  60.7156  -46.0489   57.00
427300 20040317 20991231  60.7131  -46.0294   16.15
427400 19640408 19840510  60.8000  -47.1000    0.00
427400 19940601 19940630  60.8000  -47.1000    0.00
428000 19580101 19700101  60.9000  -45.9667   30.00
428000 19960100 20051231  60.9167  -46.0586   25.30
428000 20050122 20991231  60.9167  -46.0586   25.30
428200 20060815 20110201  60.4644  -45.5778   27.13
428300 19610101 19851101  60.1333  -45.2167   21.00
428300 19960100 20050131  60.1400  -45.2317    5.18
428300 20050122 20991231  60.1400  -45.2317    5.18
428500 19640101 19731229  59.9908  -45.1467   20.00
428500 19810722 20081104  59.9908  -45.1467   20.00
428500 20081104 20991231  59.9911  -45.1461   14.38
428600 19710101 19840101  59.9667  -44.0500    0.00
430100 19800716 20090731  83.6500  -33.3667    4.00
430100 20090731 20991231  83.6561  -33.3739    3.00
430500 19830824 19910718  82.1500  -29.9167    4.00
430500 19910801 19910831  82.1500  -29.9167    4.00
430500 19910901 19910930  82.1500  -29.9167    4.00
430500 19911001 19911031  82.1500  -29.9167    4.00
430500 19911201 19911231  82.1500  -29.9167    4.00
430500 19920101 19920430  82.1500  -29.9167    4.00
430500 19940501 19941231  82.1500  -29.9167    4.00
431000 19610101 19720701  81.6000  -16.6500   36.00
431000 19750915 20070710  81.6000  -16.6500   36.00
431200 19780101 20090304  81.6000  -16.6500   34.00
431200 20090304 20991231  81.6033  -16.6633   34.00
431300 19840829 20090807  80.6500  -13.7167   10.00
431300 20090807 20991231  80.6494  -13.7119    8.00
432000 19580101 20991231  76.7695  -18.6681   11.00
433000 19460801 19750801  74.3000  -20.2167   12.00
433000 19790104 20090810  74.3000  -20.2167   44.00
433000 20090810 20991231  74.3075  -20.2169   13.00
433800 19610101 19851101  72.2500  -23.9000   16.00
433900 19801101 20050817  70.4833  -21.9500   65.00
433900 20050817 20991231  70.4844  -21.9511   70.00
434000 19491001 19801101  70.4167  -21.9667   42.00
434000 19850905 19900611  70.4167  -21.9667   41.00
434000 19900100 19901231  70.4167  -21.9667   41.00
434000 19910100 19911231  70.4167  -21.9667   41.00
434000 19920100 19921231  70.4167  -21.9667   41.00
434000 19930100 19931231  70.4167  -21.9667   41.00
434000 19940100 19941231  70.4167  -21.9667   41.00
434000 19950100 19951231  70.4167  -21.9667   41.00
434000 19960100 19960131  70.4167  -21.9667   41.00
434000 19960200 19960229  70.4167  -21.9667   41.00
434000 19960300 19960331  70.4167  -21.9667   41.00
434000 19960400 19960430  70.4167  -21.9667   41.00
434000 19971100 19971130  70.4167  -21.9667   41.00
434100 20001101 20991231  70.7431  -22.6506   13.72
434500 19850211 19890919  71.1833  -23.6167  261.00
435000 19580101 19790701  67.7833  -32.3000   20.00
435000 19791206 19870210  67.7833  -32.3000   13.00
435000 19910401 19910531  67.7833  -32.3000   13.00
435100 19790701 20090903  67.7817  -32.2842   13.00
435100 20090903 20991231  67.7817  -32.2842   12.00
435200 19800618 19820409  67.7833  -32.3000   13.00
436000 19580101 19820401  65.6000  -37.6333   36.00
436000 19820401 20050815  65.6000  -37.6167   50.00
436000 20050815 20991231  65.6111  -37.6367   54.00
436100 19950100 19950131  65.5736  -37.1236   35.66
436100 20001128 20991231  65.5736  -37.1236   35.66
436500 19740124 19900809  65.5167  -37.1667  329.00
436500 19900809 19910521  65.5167  -37.1667  329.00
436800 19710913 19740101  65.4833  -38.8833   71.00
437300 19870531 20090909  64.7833  -40.3000   85.00
437300 20090909 20991231  64.7819  -40.3017   78.00
438000 19580101 19790701  62.5333  -42.1333   10.00
438100 19791206 19891130  61.9333  -42.0667   39.00
438100 19910312 19910318  61.9333  -42.0667   39.00
438200 19800618 20100817  61.9367  -42.0675   39.00
438200 20100817 20991231  61.9364  -42.0678   39.59
438500 19620501 19740101  61.5333  -42.2333  157.00
439000 19580101 19801010  60.0333  -43.1167   75.00
439000 19801010 19920701  60.0500  -43.1667   26.00
439000 19920701 20991231  60.0553  -43.1653   88.00
441000 19870923 19880716  71.3167  -26.3167 2320.00
441400 20150605 20991231  72.5833  -38.4500 3220.00
441500 19890710 19940616  72.5833  -37.6333 3250.00
441500 19940821 19940824  72.5833  -37.6333 3250.00
441600 19970822 20991231  72.5833  -38.4500 3220.00
441700 20030801 20991231  72.5789  -38.4597 3208.00
441800 20100616 20991231  72.5794  -38.5053 3198.00
441900 20160926 20991231  72.5772  -38.4500 3208.90
442000 20120306 20991231  75.0006  -29.9972 2614.00
442500 20100701 20991231  78.0164  -33.9833 2009.00
443200 20100701 20991231  78.5267  -56.8306 1992.60
443600 20100616 20991231  77.5022  -50.8744 2449.00
444300 20120306 20991231  73.8414  -49.5069 2334.00
445200 20100616 20991231  69.4964  -49.6942  904.00
445800 20100616 20991231  69.5647  -49.3308 1092.00
446400 20100616 20991231  66.4805  -46.2831 2098.00
446500 19740125 19880731  66.4833  -46.2833 2332.00
447500 19740124 19890919  65.1833  -43.8333 2652.00
448500 20100616 20991231  65.9994  -44.5008 2466.30
448800 20100616 20991231  66.4750  -42.4986 2405.70
449200 20120306 20991231  63.1489  -44.8172 2901.00
449500 19801001 19810526  60.0333  -43.1167   26.00
500520 20091216 20991231  57.5705   10.1074    8.00
500920 20100413 20991231  57.4185    9.7607   22.00
501020 20091216 20100413  57.4185    9.7607   22.00
501220 19790101 19821201  57.4359   10.0111   25.00
501520 20091216 20111104  57.4029   10.2704   61.00
501520 20111104 20991231  57.4029   10.2704   61.00
502520 19900419 20051110  57.4490   10.4925   18.00
502520 20080422 20991231  57.4490   10.4925   18.00
502720 19900424 20991231  57.4260   10.5258    2.00
503020 20091209 20100413  57.2746   11.0292    5.00
503120 20100413 20991231  57.2746   11.0292    5.00
503220 19900112 19960601  57.2639   10.8987    3.00
503520 20091216 20991231  57.2215   10.4710   22.00
504020 20091216 20100505  57.0224   10.2310    4.00
504020 20100505 20141030  57.0675   10.2410    9.00
504220 20141030 20991231  56.9564   10.2232    7.00
504520 20000525 20991231  57.0999   10.0241    6.00
504720 19790101 19950905  57.1595    9.9643   15.00
504720 19980320 20991231  57.1717    9.9553    9.00
504920 19990930 20991231  56.9963    9.9992    6.00
505220 19900228 20991231  57.0461    9.9491    4.00
505420 19980320 20991231  57.0608    9.9112    1.00
505620 19980320 20991231  57.0483    9.8650    1.00
505720 19970603 20991231  57.0099    9.8202   14.00
505820 19970904 20991231  57.0009    9.8135   43.00
506120 19790108 19900316  56.9732    9.8623    7.00
506120 19980320 19990601  56.9732    9.8623    7.00
506120 19990601 20991231  56.9762    9.8354   13.00
506520 20091215 20111102  56.8136    9.8247   84.00
506520 20111102 20991231  56.8140    9.8245   85.00
507020 20091215 20991231  56.7157   10.1644    2.00
507520 20091215 20111102  56.6646    9.7204   53.00
507520 20111102 20991231  56.6509    9.7012   48.00
508020 20091215 20100413  56.8790    9.4041   22.00
508120 20100413 20111103  56.8790    9.4041   22.00
508120 20111103 20991231  56.8790    9.4041   22.00
508520 20091216 20141029  57.0143    9.2889    8.00
508520 20141029 20991231  57.0143    9.2877    8.00
508920 20100413 20991231  57.1518    8.9649    6.00
509020 20091215 20100413  57.1518    8.9649    6.00
509520 20091215 20110222  56.9514    8.3774   16.00
509520 20110222 20991231  56.9510    8.3769   16.00
510520 20091215 20991231  56.8334    8.7296   26.00
510720 20120313 20991231  56.7937    8.8474    2.00
510920 20100413 20100724  56.7637    9.0945   21.00
510920 20100724 20991231  56.7637    9.0945   21.00
511020 20091215 20100413  56.7637    9.0945   21.00
511520 20001005 20160330  56.5647    9.0439    1.00
511520 20160330 20991231  56.5663    9.0412    1.00
511720 19990831 20991231  56.5539    9.1650   21.00
512120 20050826 20070529  56.4511    9.3848   29.00
512120 20070529 20991231  56.4512    9.3852   29.00
512220 20050826 20991231  56.4479    9.4322   45.00
513020 20090825 20991231  56.2867    9.4223   60.00
513220 19931209 20001005  56.2934    9.1139   52.00
513520 20100118 20991231  56.2763    9.6213   25.00
514020 20091214 20991231  56.5665   10.1004   75.00
514520 20040331 20991231  56.4537   10.0698    2.00
515020 20091214 20991231  56.5062   10.4403   12.00
515320 19900330 19930520  56.7166   11.5117    3.00
515320 19930520 19950111  56.7169   11.5097    2.00
515320 19960703 19990902  56.7169   11.5097    2.00
515520 19961116 20991231  56.4120   10.9012    2.00
516020 20091214 20991231  56.1103   10.5466   14.00
516520 20101118 20110926  55.8322   10.6185   18.00
516520 20110926 20991231  55.8322   10.6185   18.00
516920 20100412 20110224  55.9126   10.2535    2.00
516920 20110224 20991231  55.9117   10.2565    2.00
517000 19860101 19991231  56.57     10.10     86.00
517020 20091214 20100413  55.9126   10.2535    2.00
517420 20170827 20991231  56.0730   10.2110   15.50
517520 19890905 20150324  56.0818   10.1349   54.00
517520 20150324 20991231  56.0818   10.1349   54.00
517620 20170907 20991231  56.1371   10.0024   21.00
517720 19790101 19830223  56.1261   10.1423    3.00
517720 19830801 19920321  56.1261   10.1425    2.00
517720 19920803 20991231  56.1259   10.1437    3.00
517820 20170824 20991231  56.1508   10.1750    4.20
517920 20170907 20991231  56.1403   10.2092    3.00
518020 19890905 19930223  56.2244   10.2381    5.00
518020 19931001 20991231  56.2131   10.2446    1.00
518120 20170824 20991231  56.2341   10.1668   71.50
518320 20170824 20991231  56.2165   10.0109   50.80
518520 20091214 20150720  56.1496    9.7877   95.00
518520 20150720 20991231  56.1496    9.7875   96.00
519020 20051102 20991231  56.1998    9.5779   70.00
519220 19790101 20131116  56.1603    9.5589   26.00
519220 20131116 20140822  56.1606    9.5591   25.00
519220 20140822 20991231  56.1602    9.5589   26.00
519520 20090825 20991231  56.1010    9.5530   92.00
519920 20130917 20991231  56.0761    9.3298   85.00
520020 20081114 20991231  56.0736    9.3341   85.00
520120 20140318 20991231  55.9736    9.3663   79.00
520220 20111017 20991231  55.9603    9.3768   91.00
520520 20091214 20991231  55.9610    9.7022   56.00
520720 20160606 20991231  55.9406    9.6514   47.30
521120 19820820 19930204  55.8540    9.8557    2.00
521120 19930204 20991231  55.8542    9.8560    2.00
521520 19900706 19931019  55.7558   10.2910    7.70
521520 19940620 19960827  55.7558   10.2910    7.70
522020 20091214 20110221  55.7102    9.9962   24.00
522020 20110221 20991231  55.7102    9.9962   24.00
522520 20091214 20111102  55.8314    9.5533   68.00
522520 20111102 20991231  55.8311    9.5531   69.00
523020 20091216 20160101  55.7493    9.4177   97.00
523020 20160101 20991231  55.7493    9.4177   97.00
523220 20101006 20991231  55.7075    9.4500    4.00
523520 19790101 19900621  55.7031    9.5412    2.00
523520 19940914 20991231  55.7022    9.5390    2.00
523720 20031219 20991231  55.6818    9.5806   78.00
523920 20101006 20991231  55.7308    9.6104   79.00
524020 20091215 20991231  55.6488    9.6444   19.00
524320 19941123 20991231  55.5518    9.7217    1.00
524520 20100701 20991231  55.5133    9.5354   35.00
524720 20100701 20991231  55.5113    9.4666   53.00
524820 20100701 20991231  55.4885    9.4629    2.00
525120 19790101 19980819  55.4878    9.4856    1.00
525120 19980819 20000531  55.4877    9.4861    5.00
525120 20000531 20140205  55.4874    9.4860    1.00
525120 20140205 20991231  55.4872    9.4876    1.00
525220 20100630 20991231  55.4684    9.4844   33.00
525420 19910610 20030705  55.4377    9.3327   44.00
525520 20100630 20991231  55.4255    9.2772   36.00
525720 20100701 20991231  55.4905    9.3087   20.00
526020 20091216 20991231  55.6183    9.2934   45.00
526220 19940209 19990210  55.6944    9.1931   71.60
526520 20091216 20991231  55.8471    9.2143   78.00
526920 20100413 20110221  55.8528    9.0163   52.00
526920 20110221 20991231  55.8528    9.0162   52.00
527020 20091214 20100413  55.8528    9.0163   52.00
527220 20111017 20991231  55.9654    9.1168   48.50
527320 20140318 20991231  55.9578    9.1045   38.50
527520 20090416 20991231  56.0372    9.1593   67.00
527620 20090416 20991231  56.0372    9.1594   67.00
527720 20111017 20991231  56.0626    8.9854   43.50
527920 19790101 19910401  56.1471    8.9414   43.00
527920 19910401 19980903  56.1467    8.9411   43.00
527920 19980903 20150305  56.1465    8.9420   44.00
527920 20150305 20991231  56.1477    8.9435   43.00
528120 20140318 20991231  56.1509    9.1412   59.60
528220 20140318 20991231  56.1739    9.3643   70.50
528320 20140318 20991231  56.2283    9.1840   58.00
528520 20040401 20991231  56.3565    8.5982   10.00
529020 20091214 20100504  56.6489    8.5246   21.00
529020 20100504 20991231  56.6553    8.5476   23.00
529520 20091214 20120613  56.5139    8.1194   37.00
529620 20120612 20991231  56.5032    8.1464   14.60
530020 20091214 20111028  56.2604    8.1659    3.00
530020 20111028 20991231  56.2601    8.1653    3.00
530520 20091214 20150720  56.1828    8.4716   35.00
530520 20150720 20991231  56.1826    8.4712   35.00
531520 20081114 20160428  55.9126    8.4045    1.00
531520 20160428 20991231  55.9128    8.4049    1.00
532020 20091209 20110223  55.7246    8.6933   32.00
532020 20110223 20111028  55.7247    8.6933   32.00
532020 20111028 20991231  55.7246    8.6932   32.00
532520 20091209 20130725  55.8156    8.1981    4.00
532920 20100413 20121025  55.7199    8.3425   15.00
532920 20121025 20991231  55.7230    8.3327   18.00
533020 20091209 20100413  55.7199    8.3425   15.00
533520 19910913 20001108  55.5574    8.0827   13.00
534020 19790104 19850607  55.4881    8.4290    3.00
534020 19850826 19890116  55.4884    8.4309    3.00
534020 19890116 19900807  55.4879    8.4296    3.00
534020 19900807 20120524  55.4878    8.4295    3.00
534020 20120524 20991231  55.4884    8.4293    3.00
534320 20130724 20991231  55.4929    8.9036   35.00
534520 20091209 20110927  55.3286    8.7433    3.00
534520 20110927 20991231  55.3290    8.7436    3.00
535020 20091209 20110223  55.0561    8.8326    6.00
535020 20110223 20991231  55.0562    8.8327    6.00
535520 20091209 20991231  54.9872    8.6653    8.00
535920 19940209 20991231  54.9215    8.8542    0.00
536320 20120704 20991231  54.8450    9.3901   14.00
536520 20091209 20110928  54.9377    9.4092   38.00
536520 20110928 20991231  54.9316    9.4116   44.00
537020 19790101 20110125  54.9243    9.8034    7.00
537020 20110125 20991231  54.9255    9.8068    4.50
537520 20091209 20110928  55.0646    9.6811    8.40
537520 20110928 20991231  55.0646    9.6800    8.75
537720 20120704 20991231  55.0336    9.4141    1.00
538020 20091209 20100413  55.1470    9.2058   52.00
538120 20100413 20150721  55.1470    9.2058   52.00
538120 20150721 20991231  55.1470    9.2057   52.00
538520 19931007 20001019  55.2251    9.2634   40.50
539020 19790101 19850724  55.2491    9.5061    2.25
539020 19860321 19930721  55.2491    9.5076    3.50
539020 19940608 20991231  55.2495    9.5080    3.75
539520 20091209 20991231  55.2555    9.6684   24.00
539720 20100630 20150401  55.3537    9.4960   11.00
539720 20150401 20991231  55.3537    9.4961   11.00
540020 20091209 20111104  55.4927    9.8949   64.00
540020 20111104 20991231  55.4935    9.8953   63.00
540320 20120529 20991231  55.5698   10.0992    2.00
540520 20091209 20141029  55.5942   10.3571    6.00
540620 20141028 20991231  55.5815   10.3930    3.00
540720 20120529 20991231  55.5216   10.4154    2.00
540920 20120522 20991231  55.4762   10.2600   22.00
541120 20090519 20991231  55.4164   10.2670   17.00
541520 19790101 20991231  55.4207   10.3663    4.00
541720 19790101 19881007  55.3984   10.4197    3.00
541720 19891108 19891122  55.3984   10.4197    3.00
541720 19981204 20991231  55.3984   10.4197    3.00
541920 19790101 19951207  55.3932   10.3717   12.00
541920 19970604 20991231  55.3932   10.3717   12.00
542220 19790101 19920305  55.3910   10.3281   38.00
542220 19931214 20991231  55.3913   10.3285   38.00
542520 20090520 20991231  55.3481   10.2594   37.00
542720 19790119 19871028  55.3650   10.3730   23.00
542720 20051017 20991231  55.3572   10.3739   14.00
542920 20090520 20991231  55.3439   10.4325   25.00
543520 20091209 20111101  55.0977   10.1025   25.00
543520 20111101 20991231  55.0978   10.1009   23.00
544020 20091209 20111101  55.0741   10.4211   30.00
544020 20111101 20991231  55.0721   10.4248   26.00
544520 20021212 20991231  54.8830   10.4135    8.00
545020 20091209 20991231  54.7567   10.7094    7.00
545520 20091209 20991231  54.9463   10.7234    8.00
545920 20131015 20991231  55.0784   10.6218   45.00
546120 20020205 20110623  55.0626   10.5896   25.00
546120 20110623 20991231  55.0610   10.5909   26.00
546520 19941004 20991231  55.0620   10.6830    1.00
546920 20100413 20151119  55.3041   10.7279    8.00
546920 20151119 20991231  55.3041   10.7280    8.00
547020 20091209 20100413  55.3041   10.7279    8.00
547520 19900719 20000822  55.1598   11.1341    1.00
547920 19961011 20030102  55.3268   11.2037    5.00
547920 20110119 20991231  55.3268   11.2037    5.00
548520 20030815 20991231  55.3890   11.3288   43.00
549020 19940823 20991231  55.4171   11.3421   23.00
549520 19920301 20010702  55.4497   11.5653   34.00
549920 20100413 20110621  55.4069   11.8623   38.00
549920 20110621 20991231  55.4069   11.8621   39.00
550020 20091208 20100413  55.4069   11.8623   38.00
550520 20091208 20991231  55.5633   11.7090   37.00
550920 20110621 20991231  55.5087   11.2681    5.00
551020 20091208 20110922  55.5271   11.2380    8.00
551020 20110922 20150721  55.5266   11.2383    8.00
551020 20150721 20991231  55.5266   11.2383    8.00
551520 20010913 20050212  55.6676   11.1051    2.00
551520 20050212 20991231  55.6666   11.1042    2.00
552120 20010913 20991231  55.6923   11.0487    2.00
552520 20030624 20100525  55.7308   10.9661   12.00
552920 20100413 20110922  55.7521   11.3309   10.00
552920 20110922 20991231  55.7489   11.3374    9.00
553020 20091208 20100413  55.7521   11.3309   10.00
553520 20091208 20120302  55.6625   11.4028   28.00
553720 20120301 20991231  55.6366   11.4942   34.00
554020 19790101 20991231  55.7196   11.7266    1.00
554520 20091208 20150722  55.8689   11.6053   30.00
554520 20150722 20991231  55.8687   11.6064   29.00
555020 19900601 20020920  56.0084   11.2785   13.00
555120 19910603 19940821  56.1944   11.7088    8.00
555120 19951018 20000329  56.1944   11.7088    8.00
555520 20120723 20991231  56.1133   12.3087    4.00
556020 20070124 20991231  56.0921   12.4648    3.00
556520 20070124 20991231  56.0278   12.6063    6.00
557020 19790123 20991231  55.9943   12.5578    5.00
557220 20170217 20991231  55.9633   12.4024   22.25
557420 20120514 20991231  56.0694   12.2976    7.00
557520 20091208 20110919  56.0428   12.2920   36.00
557520 20110919 20991231  56.0429   12.2918   36.00
557620 20120514 20991231  56.0891   12.2070   28.00
557720 20120514 20991231  56.0176   12.1176   33.00
557820 20120514 20991231  56.0108   12.1937   17.00
558020 19910603 19931127  55.9432   12.2722   18.00
558020 19940526 20991231  55.9441   12.2706   18.00
558520 20070614 20991231  55.9130   12.1378    6.00
559020 19920116 20991231  55.8306   12.0677    2.00
559320 20150520 20991231  55.7927   12.1371   10.00
559620 20150519 20991231  55.7974   12.2608   37.00
560020 19790101 19930623  55.7587   12.3196   13.00
560020 19931119 20991231  55.7594   12.3181   16.00
560120 19940301 19990528  55.7668   12.3291   17.00
560220 20150521 20991231  55.7811   12.3732   41.00
560520 19920824 20000913  55.8076   12.3663   22.00
560720 20170930 20991231  55.8277   12.2762   40.20
561020 20000928 20991231  55.8129   12.4060   30.00
561520 19790601 19831005  55.8338   12.4179   48.00
561820 20170930 20991231  55.8777   12.3253   38.90
561920 20170930 20991231  55.8688   12.3946   31.40
562020 20060119 20991231  55.8591   12.4344   23.00
562220 20170621 20991231  55.9014   12.4964    8.90
562520 19790101 19910912  55.8477   12.5588    3.00
562520 19910912 20991231  55.8476   12.5598    2.00
562820 20140429 20991231  55.8022   12.5401   13.30
563020 19790802 19831005  55.8122   12.4771   23.00
563320 19790101 20050401  55.8041   12.4450   20.00
563320 20050523 20991231  55.8041   12.4362   25.00
563720 19790803 19830928  55.7928   12.4787   45.00
564120 20080116 20991231  55.7659   12.4559   19.00
564220 20161121 20991231  55.7602   12.4281   25.50
564320 20161121 20991231  55.7610   12.4792   25.50
564520 20080116 20991231  55.7523   12.4613   32.00
564620 20161121 20991231  55.7379   12.4598   49.10
564720 20161129 20991231  55.7479   12.4926   26.75
564920 19790101 19971224  55.7796   12.4920   31.00
565020 19990219 20130610  55.7733   12.5020   21.00
565320 19940208 20010216  55.7663   12.5263   40.00
565520 20060306 20991231  55.7545   12.5285   17.00
566020 20060313 20991231  55.7428   12.5311   21.00
566520 20051114 20991231  55.7690   12.5466   12.00
567020 19911014 20991231  55.7657   12.5748   10.00
567520 20060407 20991231  55.7563   12.5854    5.00
568020 20060407 20991231  55.7490   12.5674    8.00
568520 20051110 20991231  55.7324   12.5726    7.00
569020 20060313 20991231  55.7313   12.5558   15.00
569420 19790101 20991231  55.7278   12.5200   17.00
569720 20110207 20991231  55.7358   12.4236   26.00
569820 20161122 20991231  55.7318   12.4920   43.75
569920 20080116 20991231  55.7214   12.4562   11.00
570320 19790116 19831101  55.7106   12.4617   13.00
570320 19831101 19950310  55.7103   12.4625   13.00
570520 19950411 20991231  55.7022   12.4650    9.00
571020 19790101 20121010  55.6938   12.4646   10.00
571020 20121010 20991231  55.6939   12.4647   10.00
571520 19950114 20150121  55.7167   12.5431   18.00
571720 19790108 19941026  55.7183   12.5470   17.00
571820 19930701 20991231  55.7160   12.5623    8.00
571920 20060220 20991231  55.7161   12.5625    8.00
572020 20091106 20150730  55.7156   12.5628    8.00
572020 20150730 20991231  55.7155   12.5625    8.00
572120 19790920 19900201  55.7179   12.5678    8.00
572120 19911218 19930417  55.7179   12.5678    8.00
572220 20101116 20991231  55.7160   12.5622    8.00
572520 19941125 20020419  55.7057   12.5388    7.00
572520 20020821 20991231  55.7057   12.5388    7.00
572720 19790124 19940114  55.7009   12.5512   38.00
573020 19920508 19970609  55.6813   12.5405    9.00
573020 19970609 20991231  55.6861   12.5439    7.00
573520 20100114 20111129  55.6878   12.5742    6.00
573520 20111129 20120724  55.6878   12.5742    6.00
573520 20120724 20991231  55.6877   12.5739    6.00
574020 19790101 20110325  55.6699   12.6034    1.00
574020 20110325 20991231  55.6701   12.6042    1.00
574520 19950411 19981007  55.6466   12.6273    3.00
574520 19981008 20991231  55.6480   12.6328    2.00
575020 19790110 19920718  55.6381   12.6530    1.00
575020 19950522 20991231  55.6386   12.6529    1.00
575520 19790101 20991231  55.6324   12.5957    2.00
575920 19790223 20991231  55.6034   12.5827    1.00
576520 19790101 20991231  55.6439   12.5331    1.00
577120 20040804 20991231  55.6554   12.4630    9.00
577520 19790101 20991231  55.6419   12.4720    5.00
578120 19790101 20030601  55.6175   12.4767    1.00
578120 20040331 20991231  55.6179   12.4766    1.00
578520 20040804 20130725  55.6310   12.4440    5.00
579020 19900410 20991231  55.6402   12.4148    8.00
579520 19790123 20000414  55.6626   12.4066    8.00
579520 20000728 20991231  55.6718   12.4195   23.00
580020 19931028 20991231  55.6638   12.3398   14.00
580420 20110328 20991231  55.6272   12.3665    1.75
580520 19921102 20991231  55.6048   12.3491    2.00
581020 19790101 19920514  55.5726   12.2823    2.00
581020 19920907 20041005  55.5727   12.2822    2.00
581020 20050510 20991231  55.5726   12.2823    2.00
581520 19960111 20991231  55.6606   12.2579   36.00
582420 20160421 20991231  55.7687   12.1118    3.00
582520 20080409 20991231  55.7565   12.1048   17.00
583020 20080725 20991231  55.7384   12.1479   20.00
583520 20080409 20991231  55.6989   12.1536    8.00
584020 20070208 20991231  55.6525   12.0995   18.00
584520 19790101 19920901  55.6499   12.0576    3.00
584520 19931011 20991231  55.6499   12.0576    3.00
584920 20070208 20991231  55.6330   12.0767   40.00
585520 20070208 20991231  55.6382   12.1164   38.00
585920 20070208 20991231  55.6171   12.1275   45.00
586520 20080409 20991231  55.5729   12.0902   25.00
587020 20080410 20991231  55.5525   12.0191   34.00
587420 20121024 20991231  55.4890   12.1913    1.90
587920 19790101 19920101  55.3142   12.3914   30.00
587920 20170316 20991231  55.3115   12.3869   26.50
588020 20091208 20111111  55.2932   12.4223   37.00
588020 20111111 20991231  55.2931   12.4218   37.00
588920 20100413 20110621  55.2075   12.0980   38.00
588920 20110621 20991231  55.2076   12.0981   38.00
589020 20091202 20100413  55.2075   12.0980   38.00
590120 20060810 20991231  55.2502   11.7690   26.00
590520 20060810 20991231  55.2391   11.7698   12.00
590920 20060810 20991231  55.2330   11.7413   10.00
591520 20060815 20991231  55.2233   11.7829   25.00
592020 20060815 20130828  55.2155   11.7605   11.00
592020 20130828 20991231  55.2156   11.7599   11.00
592520 19790101 19921102  55.2158   11.7424    2.00
592520 19930505 20991231  55.2111   11.7285    6.00
593020 20060815 20991231  55.1976   11.7473    2.00
593520 20091208 20110621  55.0983   11.8285    4.00
593520 20110621 20991231  55.0987   11.8285    4.00
594020 19790101 19920101  55.0031   11.8913    3.00
594520 20091208 20120313  54.9798   11.5336   11.00
594520 20120313 20991231  54.9800   11.5336   13.00
595020 19911107 19991103  54.8357   10.9604    2.00
595520 19790101 20040205  54.8335   11.1550    2.00
595520 20040325 20991231  54.8248   11.1180    2.00
596020 20091208 20110620  54.8260   11.1541    2.00
596020 20110620 20991231  54.8238   11.1539    2.00
597020 20091221 20991231  54.6573   11.3515    2.00
597520 19931111 19980806  54.5601   11.9709    8.00
598020 19790101 19900721  54.7740   11.8806    3.00
598020 19910221 20991231  54.7740   11.8806    3.00
598520 20091208 20100413  54.9922   12.4538    2.00
598620 20100413 20110620  54.9922   12.4538    2.00
598620 20110620 20120927  54.9923   12.4537    2.00
598620 20120927 20991231  54.9963   12.4440    2.00
599020 19891109 20991231  55.1026   14.7094   17.00
599420 20100413 20991231  55.1630   14.9683   94.00
599520 20091208 20100413  55.1630   14.9683   94.00
600500 19530101 19750429  62.0972   -7.6800  105.00
600500 19961001 19961031  62.0973   -7.6797   96.00
600500 19961029 20150303  62.0973   -7.6797   96.00
600800 20090518 20991231  61.5437   -6.7745   23.47
600900 19610901 19950501  61.3952   -6.6820  101.00
600900 19950701 19950731  61.3952   -6.6820  101.00
600900 19950801 19950831  61.3952   -6.6820  101.00
600900 19950901 19950931  61.3952   -6.6820  101.00
600900 19951115 19951117  61.3952   -6.6820  101.00
600900 19960320 20991231  61.3957   -6.6818   99.00
601000 19630721 19811205  62.0668   -7.2837   85.34
601000 19811205 20020409  62.0665   -7.2849   85.34
601000 20051107 20991231  62.0665   -7.2849   85.34
601100 19530101 19620701  62.0152   -6.7758   35.00
601100 19620701 19930101  62.0157   -6.7758   43.00
601100 19930101 20991231  62.0231   -6.7647   54.00
601200 19990514 20991231  62.3195   -6.3205   54.00
601300 20090518 20991231  62.2178   -6.5766   80.16
601600 20091112 20991231  55.5071    7.8737   23.50
601700 20090925 20991231  55.5995    7.6225   26.00
601800 20120501 20991231  56.3442    4.2719  999.00
601900 19860101 20020321  56.9300    8.6412   42.00
601900 20020322 20991231  56.9300    8.6412   42.00
602100 19610101 19810921  57.1125    8.5991   46.00
602100 20001102 20991231  57.1220    8.5949    3.00
602200 19900501 20120501  55.7213    4.8017   75.00
602200 20140427 20991231  55.7213    4.8017   75.00
602300 19820121 19851122  55.5797    4.7587   10.00
602300 20120501 20991231  55.5797    4.7587   29.00
602400 19811007 19990101  57.0667    8.7114    7.00
602500 20120501 20991231  55.5310    5.0043  999.00
602800 19941001 19941031  55.5797    4.7587   55.00
602900 20070910 20991231  57.0482   10.0521    2.00
603000 19530101 20991231  57.0963    9.8505    3.00
603100 19860601 19980531  57.1852    9.9527   13.00
603100 19980601 20020320  57.1852    9.9527   13.00
603100 20020321 20991231  57.1852    9.9527   13.00
603200 20031112 20991231  57.3828   10.3349   54.69
603300 19731001 19740101  57.5845    9.9421   27.00
603300 19770701 19811118  57.5845    9.9421   27.00
603300 20001102 20991231  57.5955    9.9580    3.00
603400 19820401 19990101  57.5044   10.2227   27.00
603700 19620101 19770903  57.7739   10.7295    2.00
603700 19770903 19791010  57.7852   10.7671    2.00
603800 20110727 20991231  57.2964   10.9229    2.00
604100 19530101 20001214  57.7363   10.6318    3.00
604100 20001214 20991231  57.7364   10.6316    3.20
604200 20030404 20991231  57.4361   10.5490    3.00
604300 19770702 19790101  56.9547   10.4250    3.00
604300 19890101 20040122  57.4064   10.5157   83.00
604400 19850102 19910605  57.2189   10.6723   26.00
604400 20020521 20991231  56.9902   10.3089   16.00
604500 19761101 19881101  57.2592   10.3164   13.00
604600 19610801 19700801  57.3337   10.2440   46.00
604600 19711014 19761101  57.2648   10.3524   13.00
604700 19610101 19620101  57.5361   11.3376    0.00
604700 19620101 19750310  57.5361   11.3376    2.00
604700 19750310 19771125  57.4662   11.4153    2.00
604800 19790601 19981125  56.7141   10.1169    2.00
604900 19860101 19991117  56.5604   10.0929   87.00
604900 19991119 20991231  56.5604   10.0929   87.59
605100 19590101 19620401  56.8234    8.2635   21.00
605101 20030911 20991231  56.7637    8.3207   18.00
605200 19610101 19850207  56.7050    8.2206    3.00
605200 19850207 20001122  56.7004    8.2215    2.00
605200 20001122 20991231  56.7068    8.2150    2.09
605300 19770702 20040101  56.9997    9.2937    6.00
605400 19770401 19930301  56.3950    8.4419   16.00
605500 20001102 20991231  56.3717    8.1206    4.75
605600 19860101 20020610  56.3830    8.6705   53.00
605600 20020611 20991231  56.3830    8.6705   53.00
605700 19620101 19620207  57.2077   10.7338    2.00
605700 19620207 19651201  57.2056   10.7348    2.00
605800 19890101 20011107  56.0005    8.1293    3.00
605800 20011107 20991231  56.0072    8.1413    2.00
605900 19590101 19881201  56.0506    8.1044    6.00
605900 19881201 19900228  56.0506    8.1044    6.00
605900 19920401 19920430  56.0506    8.1044    6.00
605900 19930301 19930430  56.0506    8.1044    6.00
606000 19530101 20991231  56.2935    9.1138   52.00
606200 19770701 19990101  56.5536    9.1648   20.00
606300 20050804 20991231  56.8910    9.1654    2.00
606400 19610401 19770501  56.3715    8.5732   20.60
606500 19610101 19760901  56.6928    9.4820   20.00
606500 19770708 19880401  56.6932    9.4968   23.00
606500 19880401 19900228  56.6932    9.4968   23.00
606500 19931203 19931208  56.7558    9.5067   31.74
606500 20021008 20991231  56.7558    9.5067   31.74
606600 19860101 20991231  55.9912    8.3538    5.00
606700 19610101 19620101  56.8477   10.8019    0.00
606700 19620101 19730301  56.8477   10.8020    2.00
606700 20120625 20991231  56.5958   11.1533   27.50
606800 20021010 20991231  56.0939    9.1811   60.35
606900 19840904 20991231  56.4931    9.5709   53.40
607000 19590101 19710908  56.3004   10.6183   23.00
607000 19710908 19980520  56.3004   10.6189   23.00
607000 19980520 20991231  56.3083   10.6254   20.00
607100 19530101 19771101  56.4432   10.9579    6.00
607100 19771101 20000101  56.4435   10.9574    8.00
607200 19860100 20010527  56.3027   10.1272   60.33
607200 20010528 20991231  56.3027   10.1272   60.33
607300 19770701 19850501  56.0954   10.5134    3.00
607300 20010515 20991231  56.0954   10.5135    4.27
607400 19760614 19870921  56.1945   10.1703   57.00
607400 20010418 20991231  56.0804   10.1353   53.82
607500 19970305 20010509  56.1605   10.2224   25.00
607600 19620401 19821110  56.3269   10.0483   18.00
607700 19610101 19710904  56.0994   11.1488    2.00
607800 19841116 19930510  56.6998   11.5548    7.00
607800 19930510 19940229  56.6998   11.5548    7.00
607800 19940301 19940331  56.6998   11.5548    7.00
607900 19610101 19651101  56.7360   11.6511    4.00
607900 19671001 19761125  56.7034   11.5470    7.50
607900 19761125 19800401  56.7011   11.5436    7.50
607900 19900401 19900731  56.7011   11.5436    7.50
607900 19910214 19910217  56.7011   11.5436    7.50
607900 19930520 20991231  56.7169   11.5098    2.36
608000 19590101 19710401  55.5079    8.4829   25.00
608000 19710401 19841001  55.5216    8.5481   29.00
608000 19841001 20991231  55.5281    8.5627   25.00
608100 19530101 19710201  55.5576    8.0830   16.00
608100 19800918 20991231  55.5575    8.0828   16.00
608200 19860100 20020417  55.9591    8.6242   25.00
608200 20020417 20991231  55.9591    8.6242   25.00
608400 19770702 19871231  56.1828    9.0390   48.00
608700 19620101 19750310  56.8530   11.8010    2.00
608700 19750310 19850809  56.7561   11.8815    2.00
608700 19900210 19920431  56.7561   11.8815    2.00
608700 19940501 19940930  56.7561   11.8815    2.00
608700 19941101 19941130  56.7561   11.8815    2.00
608800 20030723 20070705  55.4483    8.4003    4.00
608800 20070705 20991231  55.4484    8.4000    4.00
608900 19680401 19920411  55.4956    8.3980   11.00
608900 19930701 19930731  55.4956    8.3980   11.00
609300 19860101 20031211  55.2908    8.6551    3.00
609300 20031211 20991231  55.2908    8.6551    3.00
609600 19820502 20000407  55.1908    8.5600    6.00
609600 20000407 20991231  55.1904    8.5599    6.00
609700 19670101 19690801  55.3927    6.9545    2.00
609900 19680301 19680414  55.0861    8.5640    5.00
609900 19731001 20000601  55.0861    8.5640    5.00
609900 20030408 20060701  55.0861    8.5643    3.00
609900 20060701 20991231  55.0857    8.5661    2.00
610000 19590101 19830901  55.7016    9.2137   74.00
610000 19830901 20030529  55.6943    9.1931   71.60
610200 19980729 20010528  55.8680    9.7872   22.09
610200 20010528 20991231  55.8680    9.7872   22.09
610400 19680101 19680701  55.7370    9.1358   65.00
610400 19691201 19730511  55.7370    9.1358   65.00
610400 19730511 20991231  55.7379    9.1674   75.00
610500 19610101 19741215  55.9461    9.9626   74.00
610600 19750505 19900201  55.9138    9.9263   65.00
610700 19620101 19750307  55.4068    7.5573    2.00
610700 19750307 19800416  55.5655    7.3253    2.00
610800 19800101 20110429  55.4376    9.3338   43.50
610800 20140401 20991231  55.4376    9.3338   43.50
610900 19860100 20020424  55.4715    9.1124   62.00
610900 20020424 20991231  55.4715    9.1124   62.00
611000 19530101 19850116  55.2252    9.2641   41.00
611000 19850116 20991231  55.2252    9.2634   41.00
611100 19610101 20011001  55.2976    9.7994    2.00
611300 19810901 20010101  55.1796    9.0711   48.00
611500 19610101 19741201  54.9073    8.8331    1.00
611500 19770701 19891101  54.9073    8.8331    1.00
611600 19840905 19880624  54.8987    9.1230   15.00
611600 19880701 20010605  54.8986    9.1229   15.30
611601 20010606 20991231  54.8986    9.1229   15.30
611800 19900501 19900531  54.9616    9.7930    7.32
611800 19900801 19900831  54.9616    9.7930    7.32
611800 19911101 19911130  54.9616    9.7930    7.32
611800 19900801 19900831  54.9616    9.7930    7.32
611800 20031203 20991231  54.9616    9.7930    7.32
611900 19610101 20020823  54.8529    9.9880   16.00
611900 20020823 20991231  54.8528    9.9880   17.05
612000 19590101 19750701  55.4735   10.3297   16.00
612000 19750701 20131001  55.4749   10.3305   15.00
612000 20131001 20991231  55.4749   10.3305   15.00
612200 19610101 19831201  55.0888   10.6926   49.00
612300 20010508 20991231  55.2444    9.8882    1.65
612400 19810512 19961108  55.0142   10.5686    6.00
612400 19961108 20991231  55.0144   10.5693    6.00
612600 19860101 20010613  55.3088   10.4398   49.20
612600 20010614 20991231  55.3088   10.4398   49.20
612700 19610101 19730901  55.3363   11.0459    2.00
613100 19770701 19851001  55.7701   10.5508   15.00
613100 19851001 19920701  55.7702   10.5506   18.00
613200 20030820 20991231  55.8315   10.6217   16.00
613500 19860101 20010605  55.3224   11.3879   32.50
613500 20010606 20991231  55.3224   11.3879   32.50
613600 19860101 20020411  55.2465   11.3285   12.00
613600 20020411 20991231  55.2465   11.3285   12.00
613700 19850817 19860213  55.8661   10.9321    2.00
613700 19860612 19870114  55.8661   10.9321    2.00
613800 20000523 20991231  54.8205   10.9939    2.01
613900 19590101 19910401  54.7309   10.7216    9.00
614000 19860101 19920201  54.8192   11.1379    0.00
614000 19941001 19941031  54.8192   11.1379    0.00
614100 19860101 19990830  54.8275   11.3292    7.00
614100 19990831 20991231  54.8275   11.3292    7.00
614200 19910315 20000902  54.8357   10.9604    2.00
614300 19841001 19930301  54.6977   11.4451    5.00
614300 19930301 19990101  54.6977   11.4451    5.00
614400 19731001 19850401  54.6976   11.4467    5.00
614500 19610101 19650201  54.7742   11.5006   13.00
614600 19651201 19731101  54.6929   11.3877    2.00
614700 19610101 19760401  54.4536   12.1791    2.00
614700 19760401 19790125  54.7843   12.7522    2.00
614700 19790125 19881213  54.7944   12.7770    2.00
614700 20060522 20991231  54.8790   12.1841    3.05
614900 19590101 19680706  54.5639   11.9640    8.00
614900 19931111 20030220  54.5600   11.9709    8.00
614900 20030220 20991231  54.5687   11.9435    3.26
615000 19590101 19930101  55.0828   11.7655    1.00
615000 19940720 19940731  55.0828   11.7655    1.00
615000 19950920 19950930  55.0828   11.7655    1.00
615100 19610101 19930119  55.1598   11.1339    1.00
615100 19930119 20991231  55.1593   11.1348    1.50
615200 19710701 19850101  55.3553   11.6769   25.00
615200 19940207 19940208  55.3553   11.6769   25.00
615300 19831018 19990101  55.3746   11.7150   35.00
615400 20040121 20991231  55.2075   11.8605   44.52
615500 19590101 19600101  55.4370   11.7887   41.00
615500 19600101 19710501  55.4382   11.7856   36.00
615600 19670101 19970712  55.7154   11.7088   15.00
615600 19990802 20991231  55.7358   11.6035   11.58
615700 19610101 19750304  56.2499   12.2458    2.00
615800 19840701 19870910  55.3319   11.1308    3.00
615800 20040414 20991231  55.6734   11.0978    2.00
615900 19590101 20011115  55.7436   10.8691   15.00
615900 20011115 20991231  55.7435   10.8694   14.16
616000 19590101 19790901  55.7640   12.3105   19.00
616000 19790901 19831201  55.7638   12.3245   28.00
616000 19831201 20060818  55.7668   12.3289   17.00
616100 19610101 19640701  56.1193   12.3428   37.00
616100 19690303 19690716  56.1189   12.3443   30.00
616100 19770701 19960308  55.9761   11.8559   34.00
616400 19850102 19890919  56.1970   11.7095   33.00
616400 19900301 19920331  56.1970   11.7095   33.00
616500 19910429 20000505  56.1944   11.7088    8.00
616500 20000505 20991231  56.1960   11.7099   16.20
616600 19650201 19690301  56.0183   12.1959   24.00
616700 19620101 19690701  56.0597   12.6293    2.00
616800 19820115 19831029  56.1193   12.3429   37.00
616800 19860902 20010118  56.1193   12.3429   37.00
616800 20010118 20991231  56.1193   12.3424   37.00
616900 19610101 19740801  56.0067   11.2805    4.00
616900 19740801 19790401  56.0064   11.2792   10.00
616900 19790401 19830215  56.0084   11.2785   13.00
616900 19830215 20991231  56.0083   11.2787   14.39
617000 19730401 20991231  55.5868   12.1363   42.00
617200 20091222 20991231  55.5629   12.9275   20.00
617400 20020314 20991231  55.3955   12.1490   20.74
617500 20091222 20991231  55.5736   12.8349   65.00
617600 20091222 20991231  55.5925   12.7686   20.00
617900 19610101 20060601  54.9465   12.5401   14.00
618000 19530101 19550701  55.6254   12.6601    2.00
618000 19550701 19590701  55.6261   12.6500    3.00
618000 19590701 19710714  55.6190   12.6557    3.00
618000 19710714 19830616  55.6114   12.6423    4.00
618000 19830616 20991231  55.6140   12.6454    5.00
618100 19620620 19940209  55.766    12.526    40.00
618100 19940210 20991231  55.7664   12.5263   40.00
618300 19610101 20991231  55.5364   12.7114   18.00
618400 19740101 19851223  55.7161   12.5622    8.00
618400 19851223 19930417  55.7179   12.5678    8.00
618400 19930417 20020802  55.7161   12.5622    8.00
618400 20040601 20991231  55.7160   12.5620    8.26
618600 19951000 19951031  55.6814   12.5403    9.00
618600 19951100 19951131  55.6814   12.5403    9.00
618600 19951129 19970613  55.6814   12.5403    9.00
618600 19970613 20991231  55.6861   12.5439    7.00
618700 20040220 20991231  55.6886   12.5985   20.00
618800 19800101 20030808  55.8764   12.4121   39.69
618800 20030808 20991231  55.8764   12.4121   39.69
618900 20081219 20991231  55.7155   12.5626    8.00
619000 19590101 19770601  55.0702   14.7455   13.00
619000 19770601 20991231  55.0677   14.7494   15.00
619100 19610101 20000401  55.3218   15.1875   13.00
619300 19771005 20010830  55.2980   14.7738   11.00
619300 20010830 20991231  55.2979   14.7718    7.81
619500 19610101 19711201  55.1763   14.8100  110.00
619600 19770725 19840101  55.0093   15.0555   19.00
619700 20020919 20991231  55.0557   15.0953   23.13
619900 19590101 19621001  55.0021   15.0727   16.00
619900 19621001 19770701  54.9924   15.0741    6.00
